#	deviceModel: SM-R900	deviceOs: 11
1675315761271	2621764
1675315761311	2210966
1675315761351	2210856
1675315761391	2210766
1675315761431	2210699
1675315761472	2210641
1675315761512	1746981
1675315761552	1747006
1675315761592	1747006
1675315761632	1747031
1675315761673	2019866
1675315761712	2019966
1675315761752	2020145
1675315761793	2084648
1675315761833	2084605
1675315761874	2084196
1675315761913	2083652
1675315761953	2083164
1675315761993	2082803
1675315762034	2082548
1675315762075	2082470
1675315762114	2082324
1675315762154	2081956
1675315762194	2081755
1675315762234	2081630
1675315762275	2081576
1675315762314	2081511
1675315762355	2081529
1675315762395	2081566
1675315762435	2081556
1675315762476	2081626
1675315762515	2081717
1675315762555	2081669
1675315762595	2081122
1675315762636	2080158
1675315762676	2079296
1675315762716	2078618
1675315762756	2077827
1675315762796	2077100
1675315762836	2076921
1675315762877	2077140
1675315762916	2077183
1675315762956	2077090
1675315762997	2076851
1675315763037	2076600
1675315763078	2076553
1675315763117	2076402
1675315763157	2076018
1675315763197	2075888
1675315763237	2076031
1675315763278	2076056
1675315763318	2076126
1675315763358	2077234
1675315763398	2077971
1675315763438	2078102
1675315763479	2077649
1675315763518	2077269
1675315763558	2076955
1675315763599	2076518
1675315763639	2076024
1675315763680	2075615
1675315763719	2075255
1675315763759	2074986
1675315763799	2074643
1675315763839	2074333
1675315763880	2073519
1675315763920	2073037
1675315763960	2072587
1675315764000	2072234
1675315764040	2071804
1675315764081	2070975
1675315764120	2070100
1675315764160	2069171
1675315764201	2068375
1675315764241	2067673
1675315764282	2067105
1675315764321	2066510
1675315764361	2065927
1675315764401	2065397
1675315764441	2065128
1675315764482	2064936
1675315764522	2064621
1675315764562	2064433
1675315764602	2064272
1675315764642	2064132
1675315764683	2064067
1675315764722	2063958
1675315764762	2063891
1675315764803	2063742
1675315764843	2063272
1675315764884	2062599
1675315764923	2061897
1675315764963	2061315
1675315765003	2060827
1675315765043	2060448
1675315765084	2060120
1675315765124	2059735
1675315765164	2059364
1675315765204	2059040
1675315765244	2058806
1675315765285	2058575
1675315765324	2058447
1675315765364	2058322
1675315765405	2058280
1675315765445	2058395
1675315765486	2058764
1675315765525	2059225
1675315765565	2059818
1675315765605	2060442
1675315765646	2060854
1675315765687	2061043
1675315765726	2061116
1675315765766	2061273
1675315765806	2061478
1675315765846	2061957
1675315765887	2062460
1675315765926	2063050
1675315765967	2063412
1675315766007	2063855
1675315766047	2064252
1675315766088	2064622
1675315766127	2064854
1675315766167	2065007
1675315766207	2065046
1675315766247	2065165
1675315766288	2065269
1675315766328	2065535
1675315766368	2065762
1675315766408	2065917
1675315766448	2065873
1675315766489	2065617
1675315766528	2065437
1675315766568	2065407
1675315766609	2065387
1675315766649	2065565
1675315766690	2065506
1675315766729	2065296
1675315766769	2065003
1675315766809	2064561
1675315766849	2064196
1675315766890	2064012
1675315766930	2062885
1675315766970	2062427
1675315767010	2063059
1675315767050	2063405
1675315767091	2063535
1675315767130	2063846
1675315767170	2064083
1675315767211	2064262
1675315767251	2063916
1675315767292	2063769
1675315767331	2063810
1675315767371	2063574
1675315767411	2063622
1675315767452	2063698
1675315767493	2063851
1675315767532	2064321
1675315767572	2065054
1675315767612	2065611
1675315767652	2066002
1675315767693	2066154
1675315767732	2066238
1675315767773	2066415
1675315767813	2066451
1675315767853	2066441
1675315767894	2066345
1675315767933	2065905
1675315767973	2065369
1675315768014	2065090
1675315768054	2064889
1675315768095	2064584
1675315768134	2064337
1675315768174	2064084
1675315768214	2063798
1675315768254	2063543
1675315768296	2063320
1675315768334	2063205
1675315768375	2063081
1675315768415	2063011
1675315768455	2062956
1675315768496	2062919
1675315768535	2062884
1675315768575	2062517
1675315768615	2061820
1675315768655	2061099
1675315768696	2060410
1675315768735	2059900
1675315768776	2059491
1675315768816	2059093
1675315768856	2058727
1675315768897	2058342
1675315768936	2057999
1675315768976	2057766
1675315769016	2057572
1675315769056	2057428
1675315769097	2057330
1675315769137	2057225
1675315769176	2057139
1675315769217	2057021
1675315769257	2056239
1675315769298	2055420
1675315769337	2054602
1675315769377	2053904
1675315769417	2053321
1675315769457	2052844
1675315769498	2052403
1675315769537	2051883
1675315769577	2051435
1675315769618	2051111
1675315769658	2050852
1675315769699	2050665
1675315769738	2050510
1675315769778	2050393
1675315769818	2050294
1675315769858	2050219
1675315769899	2050170
1675315769938	2049720
1675315769979	2048922
1675315770019	2048123
1675315770058	2047802
1675315770100	2047245
1675315770139	2046793
1675315770179	2046449
1675315770219	2046047
1675315770259	2045669
1675315770300	2045435
1675315770339	2045271
1675315770379	2045176
1675315770419	2045139
1675315770460	2045122
1675315770501	2045112
1675315770539	2045159
1675315770580	2045251
1675315770620	2045247
1675315770660	2044825
1675315770701	2044109
1675315770740	2043421
1675315770780	2042908
1675315770821	2042556
1675315770860	2042279
1675315770902	2042060
1675315770941	2041809
1675315770981	2041612
1675315771021	2041508
1675315771061	2041488
1675315771102	2041539
1675315771141	2041619
1675315771181	2041716
1675315771221	2041828
1675315771261	2041958
1675315771303	2042125
1675315771342	2042316
1675315771382	2042225
1675315771422	2041751
1675315771462	2041197
1675315771503	2040802
1675315771542	2040537
1675315771582	2040332
1675315771622	2040252
1675315771662	2040157
1675315771703	2040043
1675315771743	2040032
1675315771783	2040088
1675315771823	2040275
1675315771863	2040454
1675315771904	2040640
1675315771943	2040858
1675315771983	2041082
1675315772023	2041343
1675315772063	2041635
1675315772104	2041734
1675315772144	2041452
1675315772184	2041070
1675315772224	2040809
1675315772264	2040653
1675315772305	2040549
1675315772344	2040520
1675315772384	2040539
1675315772424	2040494
1675315772464	2040575
1675315772506	2040713
1675315772544	2040893
1675315772585	2041168
1675315772625	2041402
1675315772665	2041650
1675315772706	2041970
1675315772745	2042249
1675315772785	2042565
1675315772825	2042916
1675315772865	2042988
1675315772906	2042767
1675315772945	2042462
1675315772986	2042313
1675315773026	2042173
1675315773066	2042123
1675315773107	2042125
1675315773146	2042173
1675315773186	2042215
1675315773226	2042325
1675315773266	2042525
1675315773307	2042783
1675315773346	2043060
1675315773386	2043335
1675315773426	2043720
1675315773467	2044055
1675315773508	2044388
1675315773547	2044771
1675315773587	2045056
1675315773627	2045105
1675315773667	2044912
1675315773708	2044772
1675315773747	2044702
1675315773787	2044658
1675315773827	2044642
1675315773867	2044763
1675315773908	2044840
1675315773948	2044945
1675315773988	2045111
1675315774028	2045316
1675315774068	2045586
1675315774109	2045851
1675315774148	2046165
1675315774188	2046471
1675315774228	2046791
1675315774268	2047117
1675315774310	2047490
1675315774348	2047783
1675315774389	2047860
1675315774429	2047810
1675315774469	2047692
1675315774510	2047562
1675315774549	2047550
1675315774589	2047526
1675315774629	2047612
1675315774670	2047665
1675315774711	2047749
1675315774750	2047811
1675315774790	2047900
1675315774830	2047977
1675315774870	2048177
1675315774911	2048453
1675315774950	2048710
1675315774990	2049014
1675315775030	2049285
1675315775070	2049583
1675315775112	2049915
1675315775151	2050241
1675315775190	2050445
1675315775231	2050392
1675315775271	2050165
1675315775312	2050028
1675315775351	2049903
1675315775391	2049851
1675315775431	2049868
1675315775471	2049891
1675315775513	2049904
1675315775552	2049937
1675315775591	2049995
1675315775632	2050132
1675315775672	2050288
1675315775713	2050507
1675315775752	2050687
1675315775792	2050966
1675315775832	2051142
1675315775872	2051335
1675315775913	2051504
1675315775952	2051721
1675315775993	2051933
1675315776033	2051847
1675315776073	2051544
1675315776114	2051333
1675315776153	2051228
1675315776193	2051107
1675315776233	2051005
1675315776273	2050979
1675315776314	2050948
1675315776353	2050902
1675315776394	2050949
1675315776434	2050978
1675315776474	2051127
1675315776515	2051206
1675315776554	2051272
1675315776594	2051400
1675315776634	2051598
1675315776674	2051911
1675315776715	2052215
1675315776754	2052464
1675315776794	2052496
1675315776835	2052200
1675315776875	2051854
1675315776916	2051665
1675315776955	2051567
1675315776995	2051468
1675315777035	2051472
1675315777075	2051412
1675315777116	2051280
1675315777155	2051206
1675315777196	2051168
1675315777235	2051227
1675315777276	2051385
1675315777317	2051508
1675315777356	2051649
1675315777396	2051874
1675315777436	2052147
1675315777476	2052456
1675315777517	2052713
1675315777556	2052910
1675315777596	2052822
1675315777636	2052566
1675315777677	2052428
1675315777718	2052346
1675315777757	2052336
1675315777797	2052332
1675315777837	2052351
1675315777877	2052427
1675315777918	2052452
1675315777957	2052544
1675315777997	2052693
1675315778037	2052893
1675315778077	2053100
1675315778118	2053299
1675315778158	2053569
1675315778198	2053941
1675315778238	2055235
1675315778278	2056288
1675315778319	2056915
1675315778358	2055385
1675315778398	2055700
1675315778438	2055981
1675315778478	2056062
1675315778519	2057179
1675315778559	2057645
1675315778599	2057978
1675315778639	2058210
1675315778679	2058416
1675315778720	2058666
1675315778759	2058550
1675315778799	2058499
1675315778839	2058767
1675315778879	2060113
1675315778920	2062396
1675315778959	2064488
1675315779000	2065188
1675315779040	2065368
1675315779080	2065202
1675315779121	2064770
1675315779160	2064285
1675315779200	2063441
1675315779240	2062937
1675315779280	2062516
1675315779321	2062100
1675315779361	2061348
1675315779400	2060652
1675315779441	2060179
1675315779481	2059590
1675315779522	2059021
1675315779561	2058554
1675315779601	2058325
1675315779641	2057971
1675315779681	2057751
1675315779722	2057560
1675315779761	2057141
1675315779801	2056294
1675315779842	2055516
1675315779882	2054391
1675315779923	2053723
1675315779962	2053210
1675315780002	2052777
1675315780042	2052662
1675315780082	2052684
1675315780123	2052615
1675315780162	2052806
1675315780202	2052921
1675315780242	2053121
1675315780282	2053344
1675315780324	2053333
1675315780363	2053302
1675315780403	2053369
1675315780443	2053482
1675315780483	2053467
1675315780524	2053517
1675315780563	2053423
1675315780603	2053092
1675315780643	2052788
1675315780684	2052568
1675315780724	2052687
1675315780764	2053022
1675315780804	2053637
1675315780844	2054378
1675315780884	2055230
1675315780925	2055928
1675315780964	2056941
1675315781004	2057588
1675315781044	2058300
1675315781084	2059042
1675315781125	2059921
1675315781165	2061222
1675315781205	2062265
1675315781245	2063313
1675315781285	2064455
1675315781326	2065055
1675315781365	2065190
1675315781405	2065282
1675315781445	2065330
1675315781485	2065523
1675315781526	2065888
1675315781565	2066307
1675315781606	2066846
1675315781646	2067478
1675315781686	2068030
1675315781727	2068232
1675315781766	2068131
1675315781806	2067524
1675315781846	2067030
1675315781886	2066480
1675315781927	2066195
1675315781966	2065970
1675315782007	2065721
1675315782047	2065229
1675315782086	2065086
1675315782128	2064954
1675315782167	2064903
1675315782207	2064425
1675315782247	2064241
1675315782287	2063890
1675315782328	2063397
1675315782367	2063135
1675315782407	2063025
1675315782447	2062948
1675315782488	2062952
1675315782529	2062908
1675315782568	2062933
1675315782608	2062959
1675315782648	2063014
1675315782688	2063028
1675315782729	2062899
1675315782768	2062431
1675315782808	2061896
1675315782849	2061302
1675315782889	2060816
1675315782929	2060339
1675315782969	2059880
1675315783009	2059451
1675315783049	2059040
1675315783089	2058630
1675315783130	2058324
1675315783169	2058033
1675315783209	2057857
1675315783249	2057686
1675315783289	2057574
1675315783331	2057457
1675315783370	2057399
1675315783410	2057374
1675315783450	2057021
1675315783490	2056155
1675315783531	2055521
1675315783570	2054961
1675315783610	2054492
1675315783650	2054105
1675315783691	2053811
1675315783731	2053448
1675315783770	2053134
1675315783811	2052889
1675315783851	2052743
1675315783891	2052666
1675315783932	2052605
1675315783971	2052607
1675315784011	2052600
1675315784051	2052653
1675315784091	2052619
1675315784132	2052567
1675315784172	2052035
1675315784212	2051357
1675315784251	2050755
1675315784292	2050285
1675315784333	2049859
1675315784372	2049536
1675315784412	2049274
1675315784452	2048982
1675315784492	2048767
1675315784533	2048623
1675315784572	2048583
1675315784613	2048546
1675315784653	2048539
1675315784692	2048556
1675315784734	2048606
1675315784773	2048643
1675315784813	2048724
1675315784853	2048538
1675315784893	2048058
1675315784934	2047803
1675315784973	2047468
1675315785014	2047128
1675315785054	2046893
1675315785094	2046734
1675315785135	2046560
1675315785174	2046405
1675315785214	2046318
1675315785254	2046315
1675315785294	2046353
1675315785335	2046467
1675315785374	2046619
1675315785414	2046755
1675315785454	2046938
1675315785495	2047122
1675315785536	2047279
1675315785575	2047094
1675315785615	2046766
1675315785655	2046473
1675315785695	2046262
1675315785736	2046081
1675315785775	2046069
1675315785815	2046016
1675315785856	2046020
1675315785895	2046018
1675315785936	2046131
1675315785976	2046279
1675315786016	2046496
1675315786056	2046733
1675315786096	2046968
1675315786137	2047261
1675315786176	2047567
1675315786216	2047802
1675315786256	2047932
1675315786296	2047909
1675315786338	2047825
1675315786377	2047786
1675315786416	2047804
1675315786457	2047803
1675315786497	2047853
1675315786538	2047953
1675315786577	2047991
1675315786617	2048141
1675315786657	2048393
1675315786697	2048646
1675315786738	2048973
1675315786778	2049268
1675315786818	2049601
1675315786858	2049962
1675315786898	2050304
1675315786939	2050692
1675315786978	2050986
1675315787018	2051077
1675315787058	2051101
1675315787098	2051184
1675315787139	2051263
1675315787179	2051398
1675315787218	2051606
1675315787258	2051822
1675315787299	2052035
1675315787340	2052363
1675315787379	2052610
1675315787419	2052927
1675315787459	2053224
1675315787499	2053571
1675315787540	2053899
1675315787579	2054228
1675315787619	2054580
1675315787659	2054920
1675315787699	2055276
1675315787741	2055540
1675315787780	2055632
1675315787820	2055689
1675315787860	2055776
1675315787900	2055948
1675315787941	2056118
1675315787980	2056319
1675315788021	2056777
1675315788060	2056982
1675315788101	2057220
1675315788142	2057470
1675315788181	2057762
1675315788221	2058074
1675315788261	2058360
1675315788301	2058686
1675315788342	2058965
1675315788381	2059276
1675315788421	2059597
1675315788461	2059918
1675315788501	2060153
1675315788543	2060221
1675315788582	2060240
1675315788622	2060253
1675315788662	2060324
1675315788702	2060438
1675315788743	2060548
1675315788782	2060699
1675315788822	2060870
1675315788862	2060986
1675315788902	2061150
1675315788943	2061353
1675315788982	2061543
1675315789023	2061745
1675315789063	2061963
1675315789103	2062198
1675315789144	2062412
1675315789183	2062611
1675315789223	2062871
1675315789263	2063028
1675315789303	2062994
1675315789344	2062914
1675315789383	2062797
1675315789423	2062747
1675315789464	2062737
1675315789504	2062746
1675315789545	2062779
1675315789584	2062789
1675315789624	2062784
1675315789664	2062801
1675315789704	2062833
1675315789745	2062939
1675315789784	2063048
1675315789825	2063155
1675315789865	2063261
1675315789905	2063398
1675315789946	2063519
1675315789985	2063659
1675315790025	2063810
1675315790065	2063752
1675315790105	2063494
1675315790146	2063219
1675315790185	2062996
1675315790225	2062845
1675315790265	2062652
1675315790306	2062563
1675315790347	2062476
1675315790386	2062341
1675315790426	2062280
1675315790466	2062271
1675315790506	2062317
1675315790547	2062354
1675315790586	2062425
1675315790626	2062529
1675315790667	2062626
1675315790707	2062727
1675315790748	2062845
1675315790787	2062989
1675315790827	2062991
1675315790867	2062748
1675315790907	2062377
1675315790948	2062093
1675315790987	2061849
1675315791028	2061647
1675315791067	2061503
1675315791108	2061362
1675315791149	2061229
1675315791188	2061138
1675315791228	2061082
1675315791268	2061093
1675315791308	2061144
1675315791349	2061223
1675315791388	2061358
1675315791428	2061463
1675315791468	2061648
1675315791509	2061878
1675315791550	2062130
1675315791589	2062350
1675315791629	2062315
1675315791669	2062041
1675315791709	2061804
1675315791750	2061640
1675315791789	2061523
1675315791829	2061512
1675315791869	2061441
1675315791909	2061401
1675315791950	2061353
1675315791990	2061350
1675315792029	2061410
1675315792070	2061530
1675315792110	2061668
1675315792151	2061783
1675315792190	2061956
1675315792230	2062105
1675315792270	2062276
1675315792310	2062489
1675315792351	2062707
1675315792390	2062838
1675315792431	2062681
1675315792471	2062433
1675315792511	2062203
1675315792552	2062016
1675315792591	2061958
1675315792631	2061916
1675315792671	2061891
1675315792711	2061856
1675315792752	2061808
1675315792791	2061851
1675315792832	2061923
1675315792872	2062029
1675315792912	2062121
1675315792953	2062283
1675315792992	2062419
1675315793032	2062585
1675315793072	2062746
1675315793112	2062922
1675315793153	2062970
1675315793193	2062772
1675315793232	2062531
1675315793273	2062372
1675315793313	2062303
1675315793354	2062288
1675315793393	2062312
1675315793433	2062264
1675315793473	2062273
1675315793513	2062270
1675315793554	2062322
1675315793593	2062412
1675315793633	2062532
1675315793673	2062657
1675315793714	2062789
1675315793755	2062930
1675315793794	2063069
1675315793834	2063199
1675315793874	2063079
1675315793914	2062850
1675315793955	2062646
1675315793994	2062523
1675315794034	2062448
1675315794074	2062449
1675315794115	2062404
1675315794156	2062352
1675315794195	2062326
1675315794235	2062319
1675315794275	2062378
1675315794315	2062467
1675315794356	2062562
1675315794395	2062684
1675315794435	2062829
1675315794475	2062957
1675315794516	2063061
1675315794556	2062931
1675315794596	2062627
1675315794636	2062342
1675315794676	2062163
1675315794716	2061989
1675315794757	2061926
1675315794796	2061839
1675315794836	2061743
1675315794876	2061652
1675315794916	2061621
1675315794957	2061656
1675315794996	2061696
1675315795037	2061769
1675315795076	2061835
1675315795118	2061948
1675315795159	2062065
1675315795198	2062062
1675315795238	2061796
1675315795278	2061443
1675315795318	2061181
1675315795359	2060936
1675315795398	2060744
1675315795439	2060580
1675315795479	2060462
1675315795519	2060346
1675315795560	2060281
1675315795599	2060258
1675315795639	2060285
1675315795679	2060325
1675315795720	2060388
1675315795760	2060470
1675315795800	2060600
1675315795840	2060598
1675315795880	2060362
1675315795920	2060035
1675315795961	2059754
1675315796000	2059492
1675315796040	2059278
1675315796081	2059161
1675315796121	2059064
1675315796162	2058954
1675315796201	2058912
1675315796241	2058909
1675315796281	2058958
1675315796321	2059023
1675315796362	2059116
1675315796401	2059241
1675315796442	2059388
1675315796482	2059507
1675315796522	2059499
1675315796563	2059256
1675315796602	2058980
1675315796642	2058770
1675315796682	2058598
1675315796722	2058494
1675315796764	2058435
1675315796803	2058426
1675315796843	2058388
1675315796883	2058407
1675315796923	2058486
1675315796964	2058592
1675315797003	2058719
1675315797044	2058885
1675315797084	2059050
1675315797124	2059246
1675315797165	2059442
1675315797204	2059635
1675315797244	2059621
1675315797284	2059472
1675315797324	2059282
1675315797365	2059198
1675315797405	2059094
1675315797445	2059090
1675315797485	2059127
1675315797525	2059151
1675315797566	2059182
1675315797605	2059264
1675315797646	2059410
1675315797686	2059550
1675315797726	2059740
1675315797767	2059924
1675315797806	2060145
1675315797846	2060337
1675315797886	2060554
1675315797926	2060866
1675315797968	2061102
1675315798007	2061147
1675315798047	2061074
1675315798087	2060958
1675315798127	2060908
1675315798168	2060849
1675315798207	2060858
1675315798248	2060949
1675315798288	2061008
1675315798328	2061078
1675315798369	2061183
1675315798408	2061321
1675315798448	2061493
1675315798488	2061702
1675315798528	2061892
1675315798569	2062094
1675315798609	2062301
1675315798649	2062547
1675315798689	2062783
1675315798729	2063023
1675315798770	2063210
1675315798809	2063182
1675315798850	2063080
1675315798890	2063006
1675315798930	2062976
1675315798971	2062958
1675315799010	2063002
1675315799050	2063049
1675315799090	2063104
1675315799130	2063179
1675315799171	2063267
1675315799211	2063444
1675315799251	2063560
1675315799291	2063753
1675315799331	2063920
1675315799372	2064121
1675315799411	2064335
1675315799451	2064508
1675315799491	2064704
1675315799531	2064941
1675315799573	2064989
1675315799612	2064960
1675315799652	2064886
1675315799692	2064747
1675315799732	2064627
1675315799773	2064538
1675315799812	2064505
1675315799852	2064490
1675315799892	2064480
1675315799933	2064503
1675315799974	2064535
1675315800013	2064649
1675315800053	2064726
1675315800093	2064876
1675315800133	2064936
1675315800175	2064973
1675315800214	2065082
1675315800254	2065118
1675315800294	2065198
1675315800334	2065378
1675315800375	2065521
1675315800414	2065408
1675315800454	2065220
1675315800494	2065109
1675315800535	2065002
1675315800576	2064951
1675315800615	2064896
1675315800655	2064820
1675315800695	2064782
1675315800735	2064706
1675315800776	2064750
1675315800815	2064763
1675315800855	2064837
1675315800896	2064908
1675315800936	2064953
1675315800977	2064977
1675315801016	2065050
1675315801056	2065125
1675315801096	2065161
1675315801136	2065301
1675315801177	2065399
1675315801216	2065275
1675315801257	2065113
1675315801297	2064947
1675315801337	2064814
1675315801378	2064615
1675315801417	2064509
1675315801457	2064416
1675315801497	2064264
1675315801537	2064180
1675315801578	2064155
1675315801618	2064122
1675315801657	2064146
1675315801698	2064179
1675315801738	2064216
1675315801779	2064280
1675315801818	2064325
1675315801858	2064398
1675315801898	2064516
1675315801938	2064588
1675315801980	2064399
1675315802018	2064041
1675315802059	2063691
1675315802099	2063436
1675315802139	2063170
1675315802180	2063038
1675315802219	2062847
1675315802259	2062691
1675315802299	2062541
1675315802340	2062444
1675315802381	2062410
1675315802420	2062374
1675315802460	2062407
1675315802500	2062423
1675315802540	2062442
1675315802581	2062549
1675315802620	2062804
1675315802660	2063011
1675315802701	2062946
1675315802741	2062577
1675315802782	2062167
1675315802821	2061769
1675315802861	2061450
1675315802901	2061204
1675315802941	2061017
1675315802982	2060794
1675315803021	2060510
1675315803061	2060365
1675315803101	2060268
1675315803141	2060239
1675315803183	2060235
1675315803222	2060251
1675315803262	2060281
1675315803302	2060362
1675315803342	2060453
1675315803383	2060549
1675315803422	2060471
1675315803462	2060077
1675315803502	2059586
1675315803543	2059174
1675315803584	2058858
1675315803623	2058606
1675315803663	2058435
1675315803703	2058273
1675315803743	2058057
1675315803784	2057890
1675315803823	2057829
1675315803863	2057844
1675315803904	2057887
1675315803944	2057961
1675315803985	2058045
1675315804024	2058135
1675315804064	2058232
1675315804104	2058368
1675315804144	2058337
1675315804185	2058054
1675315804224	2057639
1675315804265	2057331
1675315804304	2057102
1675315804345	2056982
1675315804386	2056893
1675315804425	2056775
1675315804465	2056628
1675315804505	2056505
1675315804545	2056583
1675315804586	2056598
1675315804625	2056731
1675315804665	2056880
1675315804706	2057013
1675315804746	2057148
1675315804787	2057324
1675315804826	2057415
1675315804866	2057269
1675315804906	2056936
1675315804946	2056568
1675315804988	2056212
1675315805027	2056072
1675315805067	2056027
1675315805107	2055964
1675315805147	2055872
1675315805188	2055835
1675315805227	2055824
1675315805267	2055860
1675315805307	2055939
1675315805347	2056064
1675315805388	2056195
1675315805428	2056510
1675315805468	2056683
1675315805508	2056853
1675315805548	2056693
1675315805589	2056136
1675315805628	2055792
1675315805668	2055540
1675315805709	2055381
1675315805748	2055248
1675315805789	2055151
1675315805829	2055021
1675315805869	2054949
1675315805909	2054924
1675315805949	2054930
1675315805990	2055006
1675315806029	2055125
1675315806069	2055224
1675315806109	2055342
1675315806150	2055473
1675315806191	2055617
1675315806230	2055515
1675315806270	2055139
1675315806310	2054767
1675315806350	2054463
1675315806391	2054177
1675315806430	2054039
1675315806470	2053931
1675315806510	2053783
1675315806551	2053679
1675315806592	2053601
1675315806631	2053602
1675315806671	2053654
1675315806711	2053726
1675315806751	2053835
1675315806792	2053954
1675315806831	2054051
1675315806871	2054213
1675315806911	2054285
1675315806951	2054063
1675315806992	2053615
1675315807032	2053231
1675315807072	2052929
1675315807112	2052650
1675315807152	2052505
1675315807193	2052358
1675315807232	2052173
1675315807272	2052024
1675315807312	2051953
1675315807352	2051977
1675315807394	2051998
1675315807433	2052084
1675315807473	2052207
1675315807513	2052315
1675315807553	2052437
1675315807594	2052569
1675315807633	2052672
1675315807673	2052397
1675315807714	2051857
1675315807754	2051463
1675315807795	2051116
1675315807834	2050813
1675315807874	2050630
1675315807914	2050462
1675315807954	2050323
1675315807995	2050193
1675315808034	2050152
1675315808074	2050140
1675315808115	2050211
1675315808155	2050281
1675315808196	2050349
1675315808235	2050448
1675315808275	2050580
1675315808315	2050732
1675315808355	2050892
1675315808396	2050867
1675315808436	2050507
1675315808476	2050047
1675315808516	2049619
1675315808556	2049275
1675315808597	2049037
1675315808636	2048846
1675315808676	2048657
1675315808717	2048512
1675315808757	2048411
1675315808798	2048385
1675315808837	2048381
1675315808877	2048498
1675315808917	2048576
1675315808957	2048680
1675315808998	2048810
1675315809037	2048938
1675315809078	2049101
1675315809118	2049288
1675315809158	2049374
1675315809199	2049103
1675315809238	2048645
1675315809278	2048241
1675315809318	2047963
1675315809358	2047825
1675315809398	2047756
1675315809438	2047617
1675315809478	2047472
1675315809518	2047350
1675315809558	2047317
1675315809599	2047333
1675315809638	2047411
1675315809678	2047497
1675315809718	2047602
1675315809759	2047752
1675315809800	2047797
1675315809839	2047881
1675315809879	2047967
1675315809919	2048115
1675315809959	2048078
1675315810000	2047877
1675315810039	2047606
1675315810079	2047243
1675315810119	2046908
1675315810160	2046712
1675315810201	2046639
1675315810240	2046606
1675315810280	2046707
1675315810320	2046864
1675315810360	2047363
1675315810401	2047815
1675315810441	2048583
1675315810481	2049559
1675315810521	2050261
1675315810561	2050889
1675315810602	2051501
1675315810641	2052268
1675315810681	2053144
1675315810721	2054019
1675315810762	2054620
1675315810802	2054927
1675315810842	2055256
1675315810882	2055618
1675315810922	2056045
1675315810962	2056865
1675315811003	2057424
1675315811042	2057968
1675315811082	2058518
1675315811122	2059073
1675315811162	2059684
1675315811203	2060262
1675315811243	2060941
1675315811283	2061459
1675315811323	2061973
1675315811363	2062367
1675315811404	2062773
1675315811443	2063092
1675315811483	2063416
1675315811523	2063667
1675315811563	2063618
1675315811604	2063493
1675315811643	2063510
1675315811683	2063560
1675315811724	2063680
1675315811764	2064042
1675315811805	2064478
1675315811844	2064892
1675315811884	2065243
1675315811924	2065987
1675315811964	2066646
1675315812005	2067267
1675315812044	2067903
1675315812085	2068407
1675315812124	2068948
1675315812165	2069512
1675315812206	2069931
1675315812245	2070103
1675315812285	2069989
1675315812325	2069650
1675315812365	2069403
1675315812406	2069566
1675315812445	2069802
1675315812485	2069738
1675315812525	2069663
1675315812566	2069565
1675315812607	2069337
1675315812646	2069151
1675315812686	2069110
1675315812726	2068973
1675315812766	2068990
1675315812807	2068970
1675315812846	2068884
1675315812886	2068651
1675315812926	2068460
1675315812966	2067987
1675315813008	2067657
1675315813047	2067336
1675315813086	2067315
1675315813127	2067481
1675315813167	2067799
1675315813208	2067800
1675315813247	2067688
1675315813287	2067793
1675315813327	2067699
1675315813367	2067661
1675315813409	2067531
1675315813448	2067493
1675315813488	2067407
1675315813528	2067361
1675315813568	2067000
1675315813609	2066373
1675315813648	2065856
1675315813688	2065404
1675315813728	2065149
1675315813768	2064973
1675315813809	2064778
1675315813848	2064441
1675315813889	2064237
1675315813929	2063914
1675315813969	2063758
1675315814010	2063513
1675315814049	2063831
1675315814089	2063707
1675315814129	2063269
1675315814169	2063379
1675315814210	2063075
1675315814250	2063278
1675315814289	2063133
1675315814330	2062922
1675315814370	2062536
1675315814411	2062081
1675315814450	2061903
1675315814490	2061603
1675315814530	2060926
1675315814570	2060340
1675315814611	2060426
1675315814650	2061321
1675315814690	2062443
1675315814731	2064027
1675315814771	2064962
1675315814812	2065178
1675315814851	2065163
1675315814891	2065025
1675315814931	2064982
1675315814971	2064793
1675315815012	2064441
1675315815051	2063928
1675315815091	2063467
1675315815131	2062963
1675315815171	2062336
1675315815213	2061754
1675315815252	2061319
1675315815292	2060955
1675315815332	2060637
1675315815372	2060487
1675315815413	2060306
1675315815452	2059888
1675315815492	2059491
1675315815532	2059196
1675315815573	2058884
1675315815613	2058518
1675315815653	2058090
1675315815693	2057688
1675315815733	2057319
1675315815773	2056986
1675315815814	2056849
1675315815853	2056525
1675315815893	2056373
1675315815933	2056402
1675315815973	2056442
1675315816014	2056578
1675315816054	2056519
1675315816094	2056372
1675315816134	2055987
1675315816174	2055472
1675315816215	2054986
1675315816254	2054730
1675315816294	2054481
1675315816334	2054282
1675315816374	2054044
1675315816415	2053774
1675315816454	2053637
1675315816495	2053657
1675315816535	2053824
1675315816575	2054122
1675315816616	2054403
1675315816655	2054748
1675315816695	2054838
1675315816735	2054456
1675315816775	2054009
1675315816816	2053654
1675315816855	2053465
1675315816896	2053367
1675315816936	2053371
1675315816976	2053394
1675315817017	2053610
1675315817056	2053937
1675315817096	2054389
1675315817136	2055108
1675315817176	2056007
1675315817217	2057250
1675315817256	2058069
1675315817296	2058698
1675315817336	2059367
1675315817377	2060029
1675315817418	2060816
1675315817457	2061575
1675315817497	2062013
1675315817537	2062364
1675315817577	2062760
1675315817618	2063150
1675315817657	2063582
1675315817697	2063968
1675315817738	2064372
1675315817777	2064673
1675315817819	2065022
1675315817858	2065327
1675315817898	2065884
1675315817938	2066566
1675315817978	2067105
1675315818019	2067711
1675315818058	2068222
1675315818098	2068591
1675315818138	2069032
1675315818178	2069387
1675315818220	2069621
1675315818259	2069872
1675315818298	2070015
1675315818339	2070102
1675315818379	2070071
1675315818420	2070170
1675315818459	2070224
1675315818499	2070142
1675315818539	2069812
1675315818579	2069464
1675315818620	2069491
1675315818660	2069747
1675315818700	2070027
1675315818740	2070370
1675315818780	2070673
1675315818821	2071076
1675315818860	2071582
1675315818900	2071978
1675315818940	2072419
1675315818980	2072522
1675315819021	2073490
1675315819061	2074345
1675315819100	2074115
1675315819141	2073824
1675315819181	2073771
1675315819222	2073607
1675315819261	2073441
1675315819301	2073396
1675315819341	2073425
1675315819381	2073513
1675315819422	2073854
1675315819461	2074057
1675315819501	2074279
1675315819542	2074422
1675315819582	2074732
1675315819623	2075045
1675315819662	2075089
1675315819702	2074960
1675315819742	2074808
1675315819782	2074710
1675315819823	2074577
1675315819862	2074496
1675315819902	2074430
1675315819942	2074383
1675315819982	2074362
1675315820024	2074330
1675315820063	2074313
1675315820103	2074240
1675315820143	2074177
1675315820183	2074101
1675315820224	2074052
1675315820263	2073888
1675315820303	2073876
1675315820343	2074008
1675315820383	2073848
1675315820424	2073341
1675315820464	2073234
1675315820504	2073280
1675315820544	2073414
1675315820584	2073911
1675315820625	2074246
1675315820664	2074295
1675315820704	2074251
1675315820744	2074276
1675315820784	2074255
1675315820825	2074243
1675315820865	2074349
1675315820905	2074431
1675315820945	2074495
1675315820985	2074570
1675315821026	2074611
1675315821065	2074503
1675315821105	2074051
1675315821145	2073190
1675315821185	2072741
1675315821226	2072329
1675315821265	2071952
1675315821305	2071739
1675315821346	2071483
1675315821386	2071105
1675315821427	2070910
1675315821466	2070697
1675315821506	2070567
1675315821546	2070571
1675315821586	2070665
1675315821627	2070827
1675315821666	2071184
1675315821706	2071357
1675315821746	2071267
1675315821787	2070931
1675315821828	2070406
1675315821867	2070001
1675315821907	2069663
1675315821947	2069438
1675315821987	2069289
1675315822028	2069139
1675315822067	2068992
1675315822107	2068844
1675315822147	2068655
1675315822188	2068518
1675315822229	2068503
1675315822268	2068333
1675315822308	2068233
1675315822348	2067998
1675315822388	2067703
1675315822429	2067124
1675315822468	2066822
1675315822508	2066181
1675315822548	2065353
1675315822588	2064907
1675315822629	2064153
1675315822669	2063445
1675315822709	2062617
1675315822749	2061927
1675315822789	2061299
1675315822830	2060780
1675315822869	2060237
1675315822909	2059844
1675315822949	2059455
1675315822989	2059050
1675315823030	2058870
1675315823069	2058296
1675315823110	2057443
1675315823150	2056651
1675315823190	2055457
1675315823231	2054857
1675315823270	2054271
1675315823310	2053958
1675315823350	2053505
1675315823390	2053154
1675315823431	2052988
1675315823470	2052985
1675315823511	2052890
1675315823551	2053105
1675315823591	2053160
1675315823632	2053122
1675315823671	2053277
1675315823711	2053271
1675315823751	2052982
1675315823791	2052518
1675315823832	2052001
1675315823871	2051621
1675315823911	2051294
1675315823951	2051044
1675315823992	2050842
1675315824033	2050784
1675315824072	2050752
1675315824112	2050045
1675315824152	2049920
1675315824192	2050115
1675315824233	2050024
1675315824272	2050046
1675315824312	2050317
1675315824352	2050781
1675315824392	2051110
1675315824434	2051010
1675315824473	2050590
1675315824513	2050098
1675315824553	2049666
1675315824593	2049509
1675315824634	2049493
1675315824673	2049664
1675315824713	2049927
1675315824753	2050026
1675315824793	2050158
1675315824835	2050595
1675315824874	2051051
1675315824914	2051418
1675315824954	2051841
1675315824994	2052042
1675315825035	2052093
1675315825074	2051988
1675315825114	2051714
1675315825154	2051438
1675315825194	2051247
1675315825235	2051091
1675315825275	2051078
1675315825315	2051123
1675315825355	2051196
1675315825395	2051205
1675315825436	2051382
1675315825475	2051652
1675315825515	2051998
1675315825555	2052383
1675315825595	2052680
1675315825636	2053048
1675315825676	2053378
1675315825716	2053421
1675315825756	2053273
1675315825796	2053097
1675315825837	2052995
1675315825876	2052933
1675315825916	2052999
1675315825956	2053128
1675315825996	2053284
1675315826037	2053420
1675315826076	2053617
1675315826116	2053840
1675315826157	2054122
1675315826197	2054428
1675315826238	2054758
1675315826277	2055069
1675315826317	2055428
1675315826357	2055514
1675315826397	2055393
1675315826438	2055215
1675315826477	2055096
1675315826517	2055027
1675315826557	2054996
1675315826598	2055034
1675315826639	2055133
1675315826678	2055208
1675315826718	2055305
1675315826758	2055483
1675315826798	2055680
1675315826839	2055905
1675315826878	2056359
1675315826918	2056674
1675315826958	2056938
1675315826999	2057002
1675315827040	2056833
1675315827079	2056515
1675315827119	2056103
1675315827159	2055989
1675315827199	2055967
1675315827240	2055992
1675315827279	2056043
1675315827319	2056081
1675315827359	2056246
1675315827399	2056487
1675315827440	2056690
1675315827480	2056882
1675315827520	2057071
1675315827560	2057323
1675315827600	2057567
1675315827641	2057652
1675315827680	2057438
1675315827720	2057116
1675315827760	2056846
1675315827800	2056583
1675315827841	2056413
1675315827880	2056342
1675315827921	2056294
1675315827961	2056305
1675315828001	2056138
1675315828042	2056345
1675315828081	2056540
1675315828121	2056676
1675315828161	2056864
1675315828201	2057063
1675315828242	2057292
1675315828281	2057472
1675315828322	2057350
1675315828362	2056985
1675315828402	2056587
1675315828443	2056014
1675315828482	2055779
1675315828522	2055652
1675315828562	2055565
1675315828602	2055474
1675315828643	2055415
1675315828682	2055379
1675315828722	2055420
1675315828762	2055509
1675315828803	2055657
1675315828844	2055795
1675315828883	2055938
1675315828923	2056226
1675315828963	2056595
1675315829003	2056487
1675315829044	2055927
1675315829083	2055466
1675315829123	2055137
1675315829163	2054837
1675315829203	2054704
1675315829244	2054581
1675315829284	2054493
1675315829324	2054402
1675315829364	2054355
1675315829404	2054369
1675315829445	2054463
1675315829484	2054540
1675315829524	2054705
1675315829564	2054891
1675315829604	2055087
1675315829645	2055280
1675315829684	2055180
1675315829725	2054754
1675315829765	2054344
1675315829805	2054000
1675315829846	2053750
1675315829885	2053634
1675315829925	2053567
1675315829965	2053481
1675315830005	2053421
1675315830046	2053359
1675315830085	2053418
1675315830126	2053527
1675315830166	2053642
1675315830206	2053792
1675315830247	2053957
1675315830286	2054122
1675315830326	2054284
1675315830366	2054134
1675315830406	2053701
1675315830447	2053206
1675315830486	2052818
1675315830526	2052528
1675315830566	2052375
1675315830607	2052265
1675315830648	2052163
1675315830687	2052015
1675315830727	2051975
1675315830767	2052042
1675315830807	2052157
1675315830848	2052301
1675315830887	2052509
1675315830927	2052725
1675315830967	2053025
1675315831007	2053334
1675315831049	2053455
1675315831088	2053183
1675315831128	2052814
1675315831168	2052452
1675315831208	2052235
1675315831249	2052117
1675315831288	2052072
1675315831328	2052042
1675315831368	2051975
1675315831408	2051930
1675315831450	2052023
1675315831489	2052191
1675315831529	2052383
1675315831569	2052571
1675315831609	2052797
1675315831650	2053040
1675315831689	2053262
1675315831729	2053348
1675315831769	2053166
1675315831809	2052725
1675315831850	2052291
1675315831889	2051962
1675315831929	2051764
1675315831970	2051645
1675315832010	2051566
1675315832051	2051484
1675315832090	2051422
1675315832130	2051423
1675315832170	2051507
1675315832210	2051632
1675315832251	2051705
1675315832290	2051822
1675315832330	2052053
1675315832370	2052213
1675315832411	2052280
1675315832451	2051760
1675315832491	2051192
1675315832531	2050741
1675315832571	2050394
1675315832611	2050118
1675315832652	2049945
1675315832691	2049841
1675315832731	2049704
1675315832772	2049614
1675315832812	2049610
1675315832853	2049688
1675315832892	2049833
1675315832932	2049949
1675315832972	2050159
1675315833012	2050307
1675315833053	2050534
1675315833092	2050582
1675315833132	2050282
1675315833172	2049836
1675315833212	2049519
1675315833254	2049264
1675315833293	2049105
1675315833333	2049039
1675315833373	2049033
1675315833413	2048993
1675315833455	2048976
1675315833494	2049055
1675315833534	2049187
1675315833574	2049384
1675315833614	2049586
1675315833655	2049853
1675315833695	2050139
1675315833735	2050488
1675315833775	2050721
1675315833815	2050576
1675315833856	2050228
1675315833895	2049924
1675315833935	2049719
1675315833975	2049602
1675315834015	2049569
1675315834056	2049550
1675315834096	2049544
1675315834136	2049542
1675315834176	2049579
1675315834216	2049640
1675315834257	2049759
1675315834296	2049964
1675315834336	2050204
1675315834376	2050426
1675315834416	2050712
1675315834457	2050831
1675315834496	2050627
1675315834536	2050265
1675315834577	2049936
1675315834617	2049753
1675315834658	2049673
1675315834697	2049691
1675315834737	2049757
1675315834777	2049757
1675315834817	2049785
1675315834858	2049900
1675315834897	2050082
1675315834937	2050290
1675315834977	2050527
1675315835018	2050779
1675315835059	2051066
1675315835098	2051314
1675315835138	2051355
1675315835178	2051082
1675315835218	2050738
1675315835259	2050492
1675315835298	2050364
1675315835338	2050320
1675315835378	2050329
1675315835419	2050348
1675315835460	2050391
1675315835499	2050458
1675315835539	2050600
1675315835579	2050785
1675315835619	2051042
1675315835660	2051316
1675315835699	2051576
1675315835739	2051909
1675315835779	2052268
1675315835819	2052388
1675315835860	2052247
1675315835900	2052078
1675315835940	2051973
1675315835980	2051964
1675315836020	2052137
1675315836061	2052278
1675315836100	2052411
1675315836140	2052561
1675315836180	2052738
1675315836220	2053011
1675315836262	2053302
1675315836300	2053600
1675315836341	2053934
1675315836381	2054272
1675315836421	2054687
1675315836462	2055033
1675315836501	2055215
1675315836541	2055198
1675315836581	2055111
1675315836621	2055061
1675315836662	2055105
1675315836701	2055238
1675315836742	2055380
1675315836782	2055517
1675315836822	2055696
1675315836863	2055916
1675315836902	2056223
1675315836942	2056714
1675315836982	2057031
1675315837022	2057380
1675315837063	2057695
1675315837102	2058056
1675315837142	2058423
1675315837182	2058745
1675315837223	2058839
1675315837264	2058844
1675315837303	2058832
1675315837343	2058878
1675315837383	2058986
1675315837423	2059142
1675315837464	2059351
1675315837503	2059510
1675315837543	2059688
1675315837584	2059927
1675315837623	2060166
1675315837664	2060463
1675315837703	2060808
1675315837743	2061110
1675315837784	2061434
1675315837824	2061798
1675315837865	2062137
1675315837904	2062403
1675315837944	2062484
1675315837984	2062440
1675315838024	2062396
1675315838066	2062400
1675315838105	2062487
1675315838145	2062622
1675315838185	2062745
1675315838225	2062854
1675315838266	2063013
1675315838305	2063189
1675315838345	2063400
1675315838385	2063641
1675315838425	2063902
1675315838466	2064126
1675315838505	2064360
1675315838546	2064647
1675315838586	2064855
1675315838626	2064950
1675315838667	2064951
1675315838706	2064894
1675315838746	2064854
1675315838786	2064822
1675315838826	2064851
1675315838867	2064877
1675315838907	2064910
1675315838946	2064965
1675315838987	2065003
1675315839027	2065022
1675315839068	2065127
1675315839107	2065271
1675315839147	2065475
1675315839187	2065684
1675315839227	2065892
1675315839268	2066110
1675315839307	2066324
1675315839347	2066380
1675315839388	2066255
1675315839427	2066057
1675315839469	2065921
1675315839508	2065848
1675315839548	2065837
1675315839588	2065862
1675315839628	2065816
1675315839669	2065800
1675315839708	2065813
1675315839748	2065865
1675315839788	2065959
1675315839828	2066036
1675315839869	2066137
1675315839908	2066124
1675315839949	2066203
1675315839989	2066343
1675315840029	2066410
1675315840070	2066245
1675315840109	2065881
1675315840149	2065523
1675315840189	2065238
1675315840230	2065071
1675315840271	2064982
1675315840310	2064974
1675315840350	2064900
1675315840390	2064852
1675315840430	2064837
1675315840471	2064812
1675315840510	2064857
1675315840550	2064865
1675315840591	2064953
1675315840631	2064994
1675315840672	2065027
1675315840711	2065147
1675315840751	2065233
1675315840791	2065057
1675315840831	2064856
1675315840872	2064597
1675315840911	2064325
1675315840951	2064078
1675315840991	2063938
1675315841031	2063801
1675315841073	2063654
1675315841112	2063525
1675315841152	2063433
1675315841192	2063405
1675315841232	2063435
1675315841273	2063491
1675315841312	2063551
1675315841352	2063637
1675315841392	2063742
1675315841433	2063842
1675315841473	2063857
1675315841513	2063589
1675315841553	2063113
1675315841593	2062671
1675315841633	2062342
1675315841674	2062110
1675315841713	2061934
1675315841753	2061784
1675315841793	2061629
1675315841833	2061470
1675315841874	2061368
1675315841914	2061376
1675315841954	2061393
1675315841994	2061460
1675315842034	2061520
1675315842075	2061624
1675315842114	2061734
1675315842154	2061849
1675315842194	2061731
1675315842234	2061280
1675315842275	2060734
1675315842314	2060232
1675315842355	2059876
1675315842395	2059617
1675315842435	2059438
1675315842476	2059245
1675315842515	2059063
1675315842555	2058916
1675315842595	2058874
1675315842635	2058853
1675315842676	2058884
1675315842715	2058965
1675315842756	2059048
1675315842796	2059159
1675315842836	2059307
1675315842877	2059349
1675315842916	2059094
1675315842956	2058586
1675315842996	2058093
1675315843036	2057697
1675315843077	2057398
1675315843116	2057205
1675315843156	2057057
1675315843197	2056901
1675315843237	2056780
1675315843278	2056685
1675315843317	2056686
1675315843357	2056777
1675315843397	2056876
1675315843437	2056998
1675315843478	2057133
1675315843517	2057328
1675315843557	2057494
1675315843598	2057629
1675315843638	2057430
1675315843679	2056949
1675315843718	2056273
1675315843758	2055885
1675315843798	2055598
1675315843838	2055445
1675315843879	2055300
1675315843918	2055166
1675315843958	2055099
1675315843998	2055053
1675315844038	2055081
1675315844080	2055160
1675315844119	2055269
1675315844159	2055414
1675315844199	2055566
1675315844239	2055769
1675315844280	2055954
1675315844319	2056134
1675315844359	2056064
1675315844399	2055677
1675315844440	2055221
1675315844480	2054854
1675315844520	2054557
1675315844560	2054363
1675315844600	2054222
1675315844640	2054076
1675315844681	2053961
1675315844720	2053855
1675315844760	2053800
1675315844800	2053841
1675315844840	2053844
1675315844881	2053923
1675315844921	2054000
1675315844961	2054087
1675315845001	2054172
1675315845041	2054308
1675315845082	2054408
1675315845121	2054172
1675315845161	2053702
1675315845201	2053289
1675315845241	2053014
1675315845283	2052783
1675315845321	2052649
1675315845362	2052535
1675315845402	2052451
1675315845442	2052344
1675315845483	2052301
1675315845522	2052307
1675315845562	2052353
1675315845602	2052412
1675315845642	2052500
1675315845683	2052633
1675315845722	2052770
1675315845763	2052933
1675315845803	2053103
1675315845843	2053147
1675315845884	2052856
1675315845923	2052440
1675315845963	2052079
1675315846003	2051758
1675315846043	2051570
1675315846084	2051472
1675315846123	2051418
1675315846163	2051365
1675315846203	2051351
1675315846244	2051383
1675315846285	2051493
1675315846324	2051630
1675315846364	2051797
1675315846404	2052010
1675315846444	2052273
1675315846485	2052539
1675315846524	2052780
1675315846564	2053006
1675315846605	2053003
1675315846645	2052721
1675315846686	2052378
1675315846725	2052058
1675315846765	2051828
1675315846805	2051685
1675315846845	2051605
1675315846886	2051562
1675315846925	2051535
1675315846965	2051515
1675315847005	2051563
1675315847045	2051678
1675315847087	2051876
1675315847126	2052088
1675315847166	2052279
1675315847206	2052508
1675315847246	2052732
1675315847287	2052973
1675315847326	2053157
1675315847366	2053057
1675315847406	2052717
1675315847446	2052382
1675315847487	2052117
1675315847526	2051893
1675315847567	2051770
1675315847607	2051704
1675315847647	2051715
1675315847688	2051676
1675315847727	2051558
1675315847767	2051559
1675315847807	2051581
1675315847847	2051604
1675315847888	2051729
1675315847928	2051867
1675315847968	2051944
1675315848008	2052093
1675315848048	2052259
1675315848089	2052329
1675315848128	2051820
1675315848168	2051331
1675315848208	2050820
1675315848248	2050530
1675315848289	2050285
1675315848328	2050140
1675315848368	2049929
1675315848409	2049734
1675315848449	2049732
1675315848490	2049863
1675315848529	2049961
1675315848569	2050175
1675315848609	2050421
1675315848649	2050476
1675315848690	2050642
1675315848729	2050736
1675315848770	2051063
1675315848809	2051267
1675315848850	2051317
1675315848891	2050932
1675315848930	2050419
1675315848970	2049996
1675315849010	2049739
1675315849050	2049555
1675315849092	2049390
1675315849131	2049497
1675315849171	2049602
1675315849211	2049782
1675315849252	2049884
1675315849292	2050040
1675315849332	2050471
1675315849372	2050781
1675315849412	2051079
1675315849452	2051380
1675315849493	2051796
1675315849532	2051908
1675315849572	2051680
1675315849613	2051343
1675315849653	2051178
1675315849694	2051035
1675315849733	2051010
1675315849773	2051077
1675315849813	2051077
1675315849853	2051117
1675315849894	2051062
1675315849933	2051118
1675315849974	2051315
1675315850014	2051502
1675315850054	2051711
1675315850095	2051937
1675315850134	2052249
1675315850174	2052529
1675315850214	2052530
1675315850254	2052126
1675315850295	2051629
1675315850335	2051275
1675315850374	2051042
1675315850415	2050879
1675315850455	2050801
1675315850496	2050795
1675315850535	2050778
1675315850575	2050801
1675315850615	2050885
1675315850655	2051036
1675315850697	2051200
1675315850736	2051389
1675315850776	2051626
1675315850816	2051890
1675315850856	2051898
1675315850897	2051615
1675315850936	2051180
1675315850976	2050836
1675315851016	2050684
1675315851057	2050607
1675315851098	2050646
1675315851137	2050694
1675315851177	2050731
1675315851217	2050851
1675315851257	2050983
1675315851299	2051121
1675315851338	2051370
1675315851378	2051621
1675315851418	2051858
1675315851458	2052149
1675315851499	2052240
1675315851538	2051982
1675315851578	2051707
1675315851618	2051574
1675315851659	2051530
1675315851700	2051536
1675315851739	2051532
1675315851779	2051550
1675315851819	2051573
1675315851859	2051664
1675315851900	2051850
1675315851940	2051984
1675315851980	2052198
1675315852020	2052459
1675315852060	2052699
1675315852101	2052918
1675315852140	2052914
1675315852180	2052548
1675315852221	2052162
1675315852261	2051878
1675315852302	2051712
1675315852341	2051701
1675315852381	2051661
1675315852421	2051691
1675315852461	2051658
1675315852503	2051702
1675315852542	2051853
1675315852582	2052006
1675315852622	2052195
1675315852662	2052433
1675315852703	2052712
1675315852742	2053004
1675315852782	2053047
1675315852822	2052777
1675315852863	2052476
1675315852904	2052232
1675315852943	2052021
1675315852983	2051921
1675315853023	2051866
1675315853063	2051842
1675315853105	2051879
1675315853144	2051975
1675315853184	2052177
1675315853224	2052437
1675315853264	2052633
1675315853305	2052788
1675315853344	2052988
1675315853384	2053312
1675315853425	2053520
1675315853465	2053367
1675315853506	2053039
1675315853545	2052870
1675315853585	2052730
1675315853625	2052731
1675315853665	2052862
1675315853707	2052926
1675315853746	2053007
1675315853786	2053093
1675315853826	2053249
1675315853866	2053411
1675315853907	2053602
1675315853946	2053738
1675315853986	2053893
1675315854027	2054102
1675315854067	2054116
1675315854108	2053773
1675315854147	2053390
1675315854187	2053081
1675315854227	2052858
1675315854267	2052760
1675315854309	2052777
1675315854348	2052800
1675315854388	2052868
1675315854428	2052920
1675315854468	2053064
1675315854509	2053246
1675315854548	2053492
1675315854588	2053772
1675315854629	2054073
1675315854669	2054204
1675315854710	2053915
1675315854749	2053524
1675315854789	2053244
1675315854829	2053113
1675315854869	2053074
1675315854910	2053101
1675315854949	2053173
1675315854990	2053221
1675315855030	2053312
1675315855070	2053479
1675315855111	2053659
1675315855150	2053896
1675315855190	2054113
1675315855230	2054375
1675315855271	2054427
1675315855312	2054179
1675315855351	2053881
1675315855391	2053669
1675315855431	2053525
1675315855471	2053464
1675315855512	2053491
1675315855551	2053543
1675315855591	2053611
1675315855632	2053707
1675315855672	2053880
1675315855713	2054097
1675315855752	2054345
1675315855792	2054582
1675315855832	2054860
1675315855872	2054854
1675315855913	2054609
1675315855953	2054342
1675315855993	2054175
1675315856033	2054039
1675315856073	2054052
1675315856114	2054123
1675315856153	2054199
1675315856193	2054289
1675315856233	2054412
1675315856273	2054606
1675315856315	2054830
1675315856354	2055078
1675315856394	2055341
1675315856434	2055626
1675315856474	2055837
1675315856515	2055763
1675315856554	2055549
1675315856595	2055376
1675315856635	2055323
1675315856675	2055313
1675315856716	2055426
1675315856755	2055551
1675315856795	2055648
1675315856835	2055820
1675315856875	2056025
1675315856916	2056407
1675315856956	2056788
1675315856996	2057072
1675315857036	2057377
1675315857076	2057738
1675315857117	2058053
1675315857156	2058123
1675315857197	2058099
1675315857237	2058090
1675315857277	2058177
1675315857318	2058323
1675315857357	2058535
1675315857397	2058783
1675315857437	2059019
1675315857477	2059284
1675315857517	2059549
1675315857557	2059860
1675315857597	2060188
1675315857637	2060559
1675315857677	2060989
1675315857718	2061379
1675315857757	2061775
1675315857797	2062013
1675315857837	2062185
1675315857878	2062306
1675315857919	2062563
1675315857958	2062821
1675315857998	2063138
1675315858038	2063483
1675315858078	2063768
1675315858119	2064057
1675315858159	2064402
1675315858199	2064775
1675315858239	2065008
1675315858279	2065186
1675315858320	2065541
1675315858359	2065931
1675315858399	2066345
1675315858439	2066689
1675315858480	2066924
1675315858521	2067116
1675315858560	2067344
1675315858600	2067627
1675315858640	2067928
1675315858680	2068215
1675315858721	2068566
1675315858760	2068825
1675315858800	2069133
1675315858841	2069539
1675315858881	2069881
1675315858922	2070202
1675315858961	2070573
1675315859001	2070903
1675315859041	2071214
1675315859081	2071550
1675315859123	2071880
1675315859162	2072126
1675315859202	2072223
1675315859242	2072383
1675315859282	2072598
1675315859323	2072786
1675315859362	2073004
1675315859402	2073288
1675315859443	2073581
1675315859483	2074076
1675315859524	2074313
1675315859563	2074582
1675315859603	2074848
1675315859643	2075149
1675315859683	2075421
1675315859725	2075674
1675315859764	2075938
1675315859804	2076277
1675315859844	2076468
1675315859884	2076542
1675315859925	2076559
1675315859964	2076642
1675315860004	2076727
1675315860044	2076845
1675315860085	2076959
1675315860126	2077073
1675315860165	2077194
1675315860205	2077300
1675315860245	2077444
1675315860285	2077571
1675315860326	2077767
1675315860365	2077995
1675315860405	2078170
1675315860446	2078352
1675315860485	2078526
1675315860527	2078695
1675315860566	2078791
1675315860606	2078696
1675315860646	2078530
1675315860686	2078393
1675315860727	2078328
1675315860766	2078248
1675315860806	2078199
1675315860846	2078164
1675315860886	2078122
1675315860928	2078062
1675315860967	2078064
1675315861007	2078077
1675315861047	2078117
1675315861087	2078158
1675315861128	2078208
1675315861167	2078271
1675315861207	2078373
1675315861247	2078447
1675315861287	2078468
1675315861328	2078229
1675315861368	2077798
1675315861408	2077418
1675315861447	2077103
1675315861488	2076835
1675315861529	2076607
1675315861568	2076397
1675315861608	2076110
1675315861648	2075838
1675315861688	2075588
1675315861729	2075393
1675315861769	2075228
1675315861809	2075118
1675315861849	2075041
1675315861889	2074978
1675315861930	2074912
1675315861969	2074892
1675315862009	2074840
1675315862049	2074439
1675315862089	2073387
1675315862130	2072688
1675315862169	2072089
1675315862210	2071542
1675315862250	2071063
1675315862290	2070658
1675315862331	2070246
1675315862370	2069805
1675315862410	2069433
1675315862450	2069109
1675315862490	2068902
1675315862531	2068754
1675315862570	2068609
1675315862610	2068545
1675315862651	2068512
1675315862691	2068488
1675315862732	2068479
1675315862771	2068164
1675315862811	2067438
1675315862851	2066689
1675315862891	2066032
1675315862932	2065457
1675315862971	2065101
1675315863011	2064902
1675315863052	2064493
1675315863092	2064064
1675315863133	2063731
1675315863172	2063469
1675315863212	2063281
1675315863252	2063143
1675315863292	2063056
1675315863333	2062981
1675315863372	2062984
1675315863412	2062980
1675315863453	2062999
1675315863493	2062970
1675315863534	2062495
1675315863573	2061692
1675315863613	2060979
1675315863653	2060335
1675315863693	2059890
1675315863734	2059586
1675315863773	2059233
1675315863813	2058936
1675315863853	2058669
1675315863893	2058481
1675315863935	2058349
1675315863974	2058281
1675315864014	2058254
1675315864054	2058260
1675315864094	2058241
1675315864135	2058260
1675315864174	2058306
1675315864214	2058343
1675315864254	2058299
1675315864295	2057770
1675315864335	2057023
1675315864375	2056160
1675315864415	2055744
1675315864455	2055362
1675315864495	2055147
1675315864536	2054870
1675315864575	2054616
1675315864615	2054458
1675315864655	2054347
1675315864695	2054322
1675315864736	2054338
1675315864776	2054372
1675315864816	2054411
1675315864856	2054529
1675315864896	2054644
1675315864937	2054804
1675315864976	2054852
1675315865016	2054392
1675315865056	2053733
1675315865096	2053168
1675315865138	2052838
1675315865176	2052547
1675315865217	2052380
1675315865257	2052200
1675315865297	2051974
1675315865338	2051826
1675315865377	2051750
1675315865417	2051776
1675315865457	2051853
1675315865497	2051937
1675315865538	2052076
1675315865577	2052292
1675315865618	2052481
1675315865658	2052664
1675315865698	2052798
1675315865739	2052602
1675315865778	2052019
1675315865818	2051503
1675315865858	2051142
1675315865898	2050880
1675315865939	2050724
1675315865978	2050622
1675315866018	2050532
1675315866059	2050399
1675315866099	2050210
1675315866140	2050207
1675315866179	2050524
1675315866219	2050857
1675315866259	2051108
1675315866299	2051339
1675315866340	2051514
1675315866379	2051694
1675315866419	2051800
1675315866460	2051531
1675315866500	2051108
1675315866541	2050835
1675315866580	2050575
1675315866620	2050462
1675315866660	2050436
1675315866700	2050438
1675315866741	2050396
1675315866780	2050397
1675315866820	2050442
1675315866860	2050541
1675315866900	2050708
1675315866942	2050896
1675315866981	2051132
1675315867021	2051354
1675315867061	2051624
1675315867101	2051861
1675315867142	2051814
1675315867181	2051504
1675315867221	2051051
1675315867261	2050731
1675315867302	2050536
1675315867342	2050494
1675315867381	2050527
1675315867422	2050513
1675315867462	2050545
1675315867502	2050637
1675315867543	2050719
1675315867582	2050916
1675315867622	2051062
1675315867662	2051179
1675315867702	2051234
1675315867743	2051440
1675315867783	2051591
1675315867823	2051330
1675315867863	2050921
1675315867903	2050586
1675315867944	2050399
1675315867983	2050195
1675315868023	2050149
1675315868063	2050193
1675315868103	2050202
1675315868145	2050216
1675315868184	2050206
1675315868224	2050301
1675315868264	2050457
1675315868304	2050623
1675315868345	2050820
1675315868384	2050964
1675315868424	2051054
1675315868464	2050838
1675315868504	2050523
1675315868545	2050337
1675315868584	2050278
1675315868624	2050326
1675315868664	2050424
1675315868704	2050520
1675315868746	2050651
1675315868785	2050727
1675315868825	2050935
1675315868865	2051171
1675315868905	2051504
1675315868946	2051995
1675315868985	2052436
1675315869025	2052779
1675315869066	2053181
1675315869106	2053448
1675315869147	2053398
1675315869186	2053072
1675315869226	2052778
1675315869266	2052653
1675315869306	2052649
1675315869347	2052764
1675315869386	2052861
1675315869426	2052981
1675315869467	2053045
1675315869507	2053185
1675315869548	2053345
1675315869587	2053548
1675315869627	2053806
1675315869667	2054062
1675315869707	2054330
1675315869748	2054671
1675315869787	2054784
1675315869827	2054621
1675315869867	2054358
1675315869908	2054250
1675315869949	2054200
1675315869988	2054162
1675315870028	2054291
1675315870068	2054415
1675315870108	2054493
1675315870149	2054630
1675315870188	2054845
1675315870228	2055058
1675315870268	2055305
1675315870309	2055563
1675315870350	2055824
1675315870389	2056099
1675315870429	2056315
1675315870469	2056427
1675315870509	2056254
1675315870550	2056120
1675315870589	2056052
1675315870629	2056025
1675315870669	2056072
1675315870709	2056110
1675315870750	2056123
1675315870790	2056164
1675315870830	2056292
1675315870870	2056621
1675315870910	2057050
1675315870951	2057154
1675315870990	2057250
1675315871030	2057456
1675315871070	2057578
1675315871110	2057678
1675315871152	2057417
1675315871190	2057111
1675315871231	2056958
1675315871271	2056884
1675315871311	2056908
1675315871352	2056996
1675315871391	2057194
1675315871431	2057341
1675315871471	2057491
1675315871511	2057694
1675315871552	2057949
1675315871591	2058243
1675315871632	2058562
1675315871672	2058828
1675315871712	2059174
1675315871753	2059379
1675315871792	2059295
1675315871832	2059142
1675315871872	2059064
1675315871912	2059114
1675315871953	2059156
1675315871992	2059297
1675315872032	2059452
1675315872073	2059575
1675315872113	2059757
1675315872154	2059930
1675315872193	2060144
1675315872233	2060398
1675315872273	2060664
1675315872313	2061046
1675315872354	2061318
1675315872393	2061438
1675315872433	2061348
1675315872474	2061234
1675315872514	2061205
1675315872555	2061223
1675315872594	2061305
1675315872634	2061451
1675315872674	2061568
1675315872714	2061675
1675315872755	2061858
1675315872794	2062034
1675315872834	2062243
1675315872874	2062464
1675315872914	2062706
1675315872956	2062965
1675315872995	2063223
1675315873035	2063255
1675315873075	2063086
1675315873115	2062952
1675315873156	2062879
1675315873195	2062841
1675315873235	2062890
1675315873275	2063016
1675315873315	2063066
1675315873356	2063129
1675315873396	2063216
1675315873436	2063341
1675315873476	2063531
1675315873516	2063688
1675315873557	2063880
1675315873596	2064107
1675315873636	2064287
1675315873676	2064228
1675315873716	2064013
1675315873757	2063796
1675315873797	2063697
1675315873837	2063642
1675315873877	2063701
1675315873917	2063714
1675315873958	2063710
1675315873997	2063679
1675315874037	2063705
1675315874077	2063774
1675315874117	2063883
1675315874158	2064017
1675315874197	2064161
1675315874237	2064297
1675315874278	2064395
1675315874318	2064174
1675315874359	2063811
1675315874398	2063477
1675315874438	2063258
1675315874478	2063105
1675315874518	2063041
1675315874559	2062958
1675315874598	2062858
1675315874638	2062813
1675315874678	2062775
1675315874719	2062828
1675315874760	2062865
1675315874799	2062999
1675315874839	2063107
1675315874879	2063256
1675315874919	2063261
1675315874960	2062955
1675315874999	2062509
1675315875039	2062127
1675315875079	2061814
1675315875120	2061581
1675315875161	2061457
1675315875200	2061292
1675315875240	2061093
1675315875280	2060980
1675315875320	2060898
1675315875361	2060864
1675315875400	2060907
1675315875440	2060938
1675315875480	2061026
1675315875520	2061132
1675315875561	2061067
1675315875601	2060542
1675315875641	2059987
1675315875681	2059511
1675315875721	2059094
1675315875762	2058806
1675315875801	2058619
1675315875841	2058449
1675315875881	2058206
1675315875921	2058050
1675315875962	2057970
1675315876001	2057937
1675315876042	2057926
1675315876082	2057953
1675315876122	2058040
1675315876163	2058108
1675315876202	2058100
1675315876242	2057732
1675315876282	2057166
1675315876322	2056430
1675315876363	2055982
1675315876402	2055672
1675315876443	2055487
1675315876482	2055332
1675315876523	2055165
1675315876564	2055057
1675315876603	2054952
1675315876643	2054981
1675315876683	2055025
1675315876723	2055106
1675315876764	2055236
1675315876803	2055375
1675315876843	2055554
1675315876883	2055508
1675315876924	2055164
1675315876965	2054732
1675315877004	2054397
1675315877044	2054123
1675315877084	2053947
1675315877124	2053884
1675315877165	2053829
1675315877204	2053772
1675315877244	2053790
1675315877284	2053862
1675315877324	2053973
1675315877365	2054162
1675315877405	2054354
1675315877445	2054567
1675315877485	2054804
1675315877525	2055030
1675315877566	2055232
1675315877605	2055118
1675315877645	2054863
1675315877685	2054657
1675315877725	2054508
1675315877766	2054417
1675315877805	2054445
1675315877846	2054506
1675315877886	2054604
1675315877926	2054702
1675315877967	2054882
1675315878006	2055086
1675315878046	2055364
1675315878086	2055714
1675315878126	2056014
1675315878167	2056328
1675315878206	2056900
1675315878247	2057282
1675315878287	2057571
1675315878327	2057689
1675315878368	2057614
1675315878407	2057515
1675315878447	2057487
1675315878487	2057451
1675315878527	2057531
1675315878568	2057632
1675315878607	2057736
1675315878647	2057882
1675315878687	2058029
1675315878728	2058257
1675315878768	2058494
1675315878808	2058769
1675315878848	2059065
1675315878888	2059338
1675315878928	2059646
1675315878969	2059950
1675315879008	2060267
1675315879048	2060586
1675315879088	2060657
1675315879128	2060547
1675315879169	2060453
1675315879209	2060391
1675315879249	2060341
1675315879289	2060375
1675315879329	2060451
1675315879370	2060521
1675315879409	2060609
1675315879449	2060739
1675315879489	2060945
1675315879529	2061133
1675315879570	2061404
1675315879609	2061623
1675315879649	2061887
1675315879690	2062164
1675315879730	2062432
1675315879771	2062723
1675315879810	2062992
1675315879850	2063205
1675315879890	2063112
1675315879930	2063029
1675315879971	2062934
1675315880010	2062914
1675315880050	2062881
1675315880090	2062941
1675315880131	2062999
1675315880172	2063091
1675315880211	2063176
1675315880251	2063312
1675315880291	2063468
1675315880331	2063668
1675315880372	2063909
1675315880411	2064107
1675315880451	2064338
1675315880491	2064561
1675315880532	2064812
1675315880572	2065062
1675315880612	2065169
1675315880652	2065181
1675315880692	2065094
1675315880732	2065061
1675315880773	2064990
1675315880812	2064910
1675315880852	2064904
1675315880892	2064919
1675315880932	2064952
1675315880973	2064976
1675315881013	2065039
1675315881053	2065045
1675315881093	2065102
1675315881133	2065210
1675315881174	2065257
1675315881213	2065444
1675315881253	2065619
1675315881293	2065828
1675315881333	2066033
1675315881374	2066255
1675315881413	2066434
1675315881453	2066417
1675315881494	2066180
1675315881534	2065992
1675315881575	2065827
1675315881614	2065673
1675315881654	2065600
1675315881694	2065546
1675315881734	2065524
1675315881775	2065479
1675315881814	2065496
1675315881854	2065517
1675315881894	2065606
1675315881935	2065714
1675315881976	2065864
1675315882015	2065996
1675315882055	2066114
1675315882095	2066299
1675315882135	2066477
1675315882176	2066651
1675315882215	2066798
1675315882255	2066644
1675315882295	2066368
1675315882336	2066063
1675315882377	2065854
1675315882416	2065674
1675315882456	2065558
1675315882496	2065497
1675315882536	2065385
1675315882577	2065313
1675315882616	2065299
1675315882656	2065265
1675315882696	2065290
1675315882736	2065361
1675315882777	2065453
1675315882817	2065556
1675315882857	2065659
1675315882897	2065802
1675315882937	2065938
1675315882978	2066095
1675315883017	2066055
1675315883057	2065769
1675315883097	2065384
1675315883137	2065196
1675315883178	2065061
1675315883217	2064937
1675315883258	2064800
1675315883298	2064647
1675315883338	2064505
1675315883379	2064395
1675315883418	2064324
1675315883458	2064310
1675315883498	2064329
1675315883538	2064379
1675315883579	2064455
1675315883618	2064535
1675315883659	2064624
1675315883699	2064738
1675315883739	2064890
1675315883780	2064898
1675315883819	2064591
1675315883859	2064146
1675315883899	2063739
1675315883939	2063383
1675315883980	2063094
1675315884019	2062901
1675315884059	2062739
1675315884099	2062566
1675315884140	2062377
1675315884181	2062326
1675315884220	2062256
1675315884260	2062261
1675315884300	2062327
1675315884340	2062359
1675315884381	2062401
1675315884420	2062477
1675315884460	2062589
1675315884500	2062700
1675315884540	2062743
1675315884581	2062401
1675315884621	2061919
1675315884661	2061505
1675315884701	2061135
1675315884741	2060803
1675315884782	2060579
1675315884821	2060386
1675315884861	2060200
1675315884901	2060047
1675315884941	2059905
1675315884983	2059866
1675315885022	2059843
1675315885062	2059899
1675315885102	2059948
1675315885142	2060027
1675315885183	2060144
1675315885222	2060233
1675315885262	2060341
1675315885302	2060172
1675315885342	2059739
1675315885383	2059269
1675315885422	2058903
1675315885463	2058634
1675315885503	2058425
1675315885543	2058285
1675315885584	2058129
1675315885623	2057954
1675315885663	2057851
1675315885703	2057815
1675315885743	2057851
1675315885784	2057889
1675315885823	2057953
1675315885863	2058060
1675315885904	2058123
1675315885944	2058279
1675315885985	2058437
1675315886024	2058516
1675315886064	2058288
1675315886104	2057804
1675315886144	2057296
1675315886185	2056943
1675315886224	2056344
1675315886264	2056121
1675315886305	2055971
1675315886344	2055773
1675315886386	2055593
1675315886425	2055495
1675315886465	2055419
1675315886505	2055456
1675315886545	2055486
1675315886586	2055559
1675315886625	2055642
1675315886665	2055738
1675315886705	2055867
1675315886745	2056027
1675315886787	2056112
1675315886826	2055886
1675315886866	2055353
1675315886906	2054829
1675315886946	2054420
1675315886987	2054022
1675315887026	2053762
1675315887066	2053525
1675315887106	2053284
1675315887146	2053077
1675315887187	2052944
1675315887227	2052836
1675315887267	2052817
1675315887307	2052850
1675315887347	2052889
1675315887388	2052938
1675315887427	2053031
1675315887467	2053126
1675315887507	2053269
1675315887547	2053370
1675315887588	2053225
1675315887628	2052692
1675315887667	2052085
1675315887708	2051667
1675315887748	2051312
1675315887789	2051052
1675315887828	2050850
1675315887868	2050668
1675315887908	2050435
1675315887948	2050307
1675315887989	2050264
1675315888028	2050274
1675315888068	2050297
1675315888109	2050376
1675315888149	2050437
1675315888190	2050562
1675315888229	2050699
1675315888269	2050874
1675315888309	2050988
1675315888349	2050770
1675315888390	2050249
1675315888429	2049720
1675315888469	2049365
1675315888509	2049061
1675315888549	2048850
1675315888591	2048666
1675315888630	2048518
1675315888670	2048351
1675315888710	2048273
1675315888750	2048264
1675315888791	2048357
1675315888830	2048456
1675315888870	2048591
1675315888910	2048725
1675315888951	2048889
1675315888991	2049055
1675315889031	2049252
1675315889071	2049478
1675315889111	2049399
1675315889151	2048955
1675315889192	2048405
1675315889231	2048039
1675315889271	2047845
1675315889311	2047594
1675315889351	2047409
1675315889392	2047235
1675315889432	2047073
1675315889471	2046944
1675315889512	2046916
1675315889552	2046938
1675315889593	2047003
1675315889632	2047121
1675315889672	2047246
1675315889712	2047418
1675315889752	2047582
1675315889793	2047748
1675315889832	2047888
1675315889872	2047947
1675315889913	2047863
1675315889953	2047314
1675315889994	2046775
1675315890033	2046399
1675315890073	2046031
1675315890113	2045791
1675315890153	2045607
1675315890194	2045415
1675315890233	2045258
1675315890274	2045167
1675315890313	2045130
1675315890354	2045195
1675315890395	2045274
1675315890434	2045426
1675315890474	2045555
1675315890514	2045739
1675315890554	2045922
1675315890595	2046113
1675315890634	2046237
1675315890674	2045893
1675315890714	2045329
1675315890755	2044870
1675315890796	2044489
1675315890835	2044212
1675315890875	2044080
1675315890915	2043910
1675315890955	2043728
1675315890996	2043546
1675315891035	2043486
1675315891075	2043474
1675315891115	2043596
1675315891155	2043802
1675315891196	2043925
1675315891236	2044095
1675315891276	2044306
1675315891316	2044482
1675315891356	2044721
1675315891397	2044605
1675315891436	2044025
1675315891476	2043278
1675315891516	2042762
1675315891556	2042271
1675315891597	2041904
1675315891636	2041717
1675315891677	2041491
1675315891717	2041298
1675315891757	2041208
1675315891798	2041192
1675315891837	2041262
1675315891877	2041435
1675315891917	2041620
1675315891957	2041819
1675315891998	2042015
1675315892037	2042251
1675315892078	2042481
1675315892118	2042597
1675315892158	2042311
1675315892199	2041737
1675315892238	2041173
1675315892278	2040776
1675315892318	2040386
1675315892358	2040130
1675315892399	2039971
1675315892438	2039831
1675315892478	2039686
1675315892519	2039453
1675315892559	2039695
1675315892600	2039775
1675315892639	2039944
1675315892679	2040174
1675315892719	2040416
1675315892759	2040673
1675315892800	2040938
1675315892839	2041208
1675315892879	2041265
1675315892920	2040848
1675315892960	2040316
1675315893001	2039881
1675315893040	2039207
1675315893080	2038900
1675315893120	2038786
1675315893160	2038746
1675315893201	2038704
1675315893240	2038653
1675315893280	2038717
1675315893320	2038802
1675315893360	2039030
1675315893402	2039231
1675315893441	2039795
1675315893481	2040062
1675315893521	2040340
1675315893561	2040648
1675315893603	2040928
1675315893642	2041072
1675315893682	2040781
1675315893722	2040371
1675315893763	2040064
1675315893803	2039845
1675315893843	2039525
1675315893883	2039511
1675315893923	2039271
1675315893963	2039355
1675315894004	2039658
1675315894043	2039798
1675315894083	2039984
1675315894123	2040274
1675315894163	2040564
1675315894204	2040817
1675315894244	2041149
1675315894284	2041484
1675315894324	2041852
1675315894364	2041835
1675315894405	2041540
1675315894444	2041231
1675315894484	2041025
1675315894524	2040873
1675315894564	2040833
1675315894606	2040892
1675315894644	2040940
1675315894685	2040969
1675315894725	2041096
1675315894765	2041282
1675315894806	2041544
1675315894845	2041849
1675315894885	2042149
1675315894925	2042485
1675315894965	2042843
1675315895006	2043247
1675315895045	2043735
1675315895086	2043965
1675315895126	2043830
1675315895166	2043478
1675315895207	2043297
1675315895246	2043136
1675315895286	2043040
1675315895326	2043086
1675315895366	2043127
1675315895407	2043176
1675315895446	2043274
1675315895486	2043469
1675315895526	2043766
1675315895567	2044060
1675315895608	2044392
1675315895647	2044760
1675315895687	2045104
1675315895727	2045481
1675315895767	2045877
1675315895808	2046203
1675315895847	2046204
1675315895887	2045814
1675315895928	2045508
1675315895968	2045390
1675315896009	2045283
1675315896048	2045278
1675315896088	2045325
1675315896128	2045351
1675315896168	2045395
1675315896209	2045449
1675315896248	2045591
1675315896288	2045805
1675315896328	2045974
1675315896368	2046241
1675315896410	2046578
1675315896449	2046901
1675315896489	2047240
1675315896529	2047627
1675315896569	2047726
1675315896610	2047428
1675315896649	2047068
1675315896689	2046828
1675315896729	2046715
1675315896769	2046642
1675315896810	2046648
1675315896849	2046762
1675315896890	2046774
1675315896930	2046933
1675315896970	2047044
1675315897011	2047213
1675315897050	2047461
1675315897090	2047741
1675315897130	2047926
1675315897170	2048075
1675315897211	2048392
1675315897250	2048782
1675315897291	2049106
1675315897331	2049204
1675315897371	2049007
1675315897412	2048718
1675315897451	2048594
1675315897491	2048503
1675315897531	2048433
1675315897571	2048499
1675315897612	2048591
1675315897651	2048646
1675315897691	2048790
1675315897732	2048985
1675315897772	2049254
1675315897813	2049578
1675315897852	2049905
1675315897892	2050249
1675315897932	2050625
1675315897972	2050995
1675315898013	2051440
1675315898052	2051780
1675315898092	2051827
1675315898132	2051758
1675315898173	2051730
1675315898214	2051839
1675315898253	2051983
1675315898293	2052240
1675315898333	2052508
1675315898373	2052720
1675315898414	2052945
1675315898453	2053233
1675315898493	2053526
1675315898533	2053885
1675315898574	2054237
1675315898615	2054590
1675315898654	2054960
1675315898694	2055372
1675315898734	2055731
1675315898774	2055804
1675315898815	2055718
1675315898854	2055689
1675315898894	2055728
1675315898934	2055791
1675315898974	2055956
1675315899015	2056115
1675315899055	2056305
1675315899095	2056594
1675315899135	2056969
1675315899175	2057191
1675315899216	2057473
1675315899255	2057779
1675315899295	2058088
1675315899335	2058427
1675315899375	2058752
1675315899416	2059089
1675315899455	2059147
1675315899496	2059019
1675315899536	2058904
1675315899576	2058880
1675315899617	2058928
1675315899656	2058939
1675315899696	2059026
1675315899736	2059121
1675315899776	2059157
1675315899817	2059247
1675315899856	2059417
1675315899897	2059572
1675315899937	2059792
1675315899977	2059996
1675315900018	2060239
1675315900057	2060479
1675315900097	2060788
1675315900137	2061053
1675315900177	2060977
1675315900218	2060751
1675315900257	2060552
1675315900297	2060406
1675315900337	2060274
1675315900378	2060161
1675315900419	2060134
1675315900458	2060242
1675315900498	2060416
1675315900538	2060666
1675315900578	2061049
1675315900619	2061360
1675315900658	2061635
1675315900698	2061907
1675315900738	2062164
1675315900778	2062441
1675315900819	2062743
1675315900859	2062804
1675315900899	2062713
1675315900939	2062626
1675315900979	2062648
1675315901020	2062734
1675315901059	2062854
1675315901099	2063033
1675315901139	2063165
1675315901179	2063321
1675315901220	2063506
1675315901259	2063720
1675315901300	2064003
1675315901340	2064283
1675315901380	2064608
1675315901421	2064902
1675315901460	2065095
1675315901500	2065273
1675315901540	2065342
1675315901580	2065239
1675315901621	2065210
1675315901660	2065162
1675315901701	2065152
1675315901741	2065144
1675315901781	2065172
1675315901822	2065201
1675315901861	2065231
1675315901901	2065343
1675315901941	2065505
1675315901981	2065697
1675315902022	2065948
1675315902061	2066183
1675315902101	2066448
1675315902141	2066659
1675315902182	2066936
1675315902223	2067074
1675315902262	2066951
1675315902302	2066719
1675315902342	2066510
1675315902382	2066374
1675315902423	2066254
1675315902462	2066218
1675315902502	2066209
1675315902542	2066193
1675315902582	2066192
1675315902624	2066247
1675315902663	2066324
1675315902703	2066473
1675315902743	2066627
1675315902783	2066783
1675315902824	2066999
1675315902863	2067190
1675315902903	2067426
1675315902943	2067628
1675315902983	2067588
1675315903025	2067258
1675315903064	2066928
1675315903104	2066666
1675315903144	2066431
1675315903184	2066280
1675315903225	2066206
1675315903264	2066099
1675315903304	2065971
1675315903344	2065920
1675315903384	2065888
1675315903425	2065925
1675315903464	2065959
1675315903505	2066050
1675315903545	2066158
1675315903585	2066263
1675315903626	2066377
1675315903665	2066525
1675315903705	2066540
1675315903745	2066215
1675315903785	2065785
1675315903826	2065449
1675315903865	2065209
1675315903905	2065091
1675315903946	2065043
1675315903986	2064944
1675315904027	2064773
1675315904066	2064670
1675315904106	2064601
1675315904146	2064566
1675315904186	2064598
1675315904227	2064664
1675315904266	2064764
1675315904306	2064813
1675315904347	2064932
1675315904387	2065024
1675315904428	2065077
1675315904467	2065168
1675315904507	2065026
1675315904547	2064604
1675315904587	2064129
1675315904628	2063787
1675315904667	2063446
1675315904707	2063202
1675315904747	2062999
1675315904787	2062820
1675315904829	2062612
1675315904868	2062477
1675315904908	2062414
1675315904948	2062381
1675315904988	2062416
1675315905029	2062474
1675315905068	2062521
1675315905108	2062619
1675315905148	2062718
1675315905188	2062842
1675315905229	2063005
1675315905268	2062950
1675315905309	2062555
1675315905349	2061976
1675315905389	2061479
1675315905430	2061075
1675315905469	2060632
1675315905509	2060348
1675315905549	2060167
1675315905589	2059915
1675315905629	2059701
1675315905668	2059564
1675315905708	2059476
1675315905749	2059484
1675315905789	2059479
1675315905830	2059555
1675315905869	2059615
1675315905909	2059690
1675315905949	2059811
1675315905989	2059957
1675315906030	2060100
1675315906069	2060020
1675315906109	2059531
1675315906150	2058948
1675315906190	2058517
1675315906231	2058137
1675315906270	2057814
1675315906310	2057638
1675315906350	2057442
1675315906390	2057192
1675315906431	2056938
1675315906470	2056888
1675315906510	2056877
1675315906550	2056903
1675315906590	2056984
1675315906632	2057096
1675315906671	2057177
1675315906711	2057385
1675315906751	2057555
1675315906791	2057703
1675315906832	2057650
1675315906871	2057135
1675315906911	2056237
1675315906951	2055761
1675315906991	2055349
1675315907032	2055047
1675315907071	2054784
1675315907112	2054554
1675315907152	2054281
1675315907192	2054078
1675315907233	2054031
1675315907272	2054071
1675315907312	2054161
1675315907352	2054307
1675315907392	2054420
1675315907433	2054545
1675315907472	2054662
1675315907512	2054839
1675315907553	2054976
1675315907593	2054903
1675315907634	2054473
1675315907673	2053938
1675315907713	2053557
1675315907753	2053226
1675315907793	2052932
1675315907834	2052802
1675315907873	2052649
1675315907913	2052501
1675315907954	2052375
1675315907994	2052349
1675315908035	2052388
1675315908074	2052465
1675315908114	2052587
1675315908154	2052707
1675315908194	2052847
1675315908235	2053010
1675315908274	2053261
1675315908314	2053389
1675315908354	2053214
1675315908394	2052795
1675315908436	2052359
1675315908475	2051979
1675315908515	2051729
1675315908555	2051561
1675315908595	2051462
1675315908636	2051364
1675315908675	2051260
1675315908715	2051250
1675315908755	2051305
1675315908795	2051418
1675315908836	2051560
1675315908876	2051751
1675315908916	2051929
1675315908956	2052127
1675315908996	2052414
1675315909037	2052644
1675315909076	2052880
1675315909116	2052815
1675315909156	2052348
1675315909196	2051854
1675315909237	2051548
1675315909277	2051235
1675315909316	2051031
1675315909357	2050896
1675315909397	2050866
1675315909438	2050846
1675315909477	2050847
1675315909517	2050900
1675315909557	2050982
1675315909597	2051117
1675315909638	2051240
1675315909677	2051408
1675315909717	2051541
1675315909758	2051725
1675315909798	2051843
1675315909839	2051995
1675315909878	2052172
1675315909918	2052279
1675315909958	2051945
1675315909998	2051436
1675315910039	2050982
1675315910078	2050639
1675315910118	2050391
1675315910158	2050210
1675315910198	2050102
1675315910240	2050008
1675315910279	2049934
1675315910319	2049904
1675315910359	2049991
1675315910399	2050064
1675315910440	2050214
1675315910479	2050385
1675315910519	2050552
1675315910559	2050761
1675315910600	2050968
1675315910640	2051183
1675315910680	2051478
1675315910720	2051767
1675315910760	2051814
1675315910800	2051526
1675315910841	2051185
1675315910880	2050920
1675315910920	2050659
1675315910960	2050456
1675315911000	2050379
1675315911041	2050322
1675315911081	2050258
1675315911120	2050250
1675315911161	2050293
1675315911201	2050401
1675315911242	2050516
1675315911281	2050661
1675315911321	2050830
1675315911361	2051057
1675315911401	2051230
1675315911442	2051463
1675315911481	2051713
1675315911521	2052017
1675315911562	2052400
1675315911601	2052677
1675315911643	2052621
1675315911682	2052338
1675315911722	2052055
1675315911762	2051894
1675315911802	2051726
1675315911843	2051599
1675315911882	2051495
1675315911922	2051382
1675315911962	2051308
1675315912002	2051322
1675315912044	2051411
1675315912083	2051580
1675315912123	2051809
1675315912163	2052075
1675315912203	2052419
1675315912244	2052695
1675315912283	2052963
1675315912323	2053237
1675315912363	2053468
1675315912403	2053704
1675315912444	2053969
1675315912484	2054079
1675315912524	2053833
1675315912564	2053476
1675315912604	2053286
1675315912645	2053113
1675315912684	2053021
1675315912724	2053011
1675315912764	2052985
1675315912804	2052936
1675315912845	2052926
1675315912885	2052950
1675315912925	2053047
1675315912965	2053182
1675315913005	2053334
1675315913046	2053526
1675315913085	2053694
1675315913125	2053908
1675315913165	2054120
1675315913205	2054361
1675315913246	2054652
1675315913285	2054853
1675315913325	2054796
1675315913366	2054438
1675315913406	2054132
1675315913447	2053911
1675315913486	2053694
1675315913526	2053600
1675315913566	2053526
1675315913606	2053436
1675315913647	2053354
1675315913686	2053353
1675315913726	2053422
1675315913766	2053488
1675315913806	2053625
1675315913847	2053784
1675315913886	2053955
1675315913927	2054148
1675315913967	2054324
1675315914007	2054524
1675315914048	2054749
1675315914087	2054966
1675315914127	2054870
1675315914167	2054492
1675315914208	2054041
1675315914248	2053741
1675315914288	2053471
1675315914328	2053240
1675315914368	2053087
1675315914408	2052934
1675315914449	2052774
1675315914488	2052687
1675315914528	2052659
1675315914568	2052740
1675315914608	2052801
1675315914649	2052882
1675315914689	2052992
1675315914729	2053126
1675315914769	2053309
1675315914809	2053502
1675315914850	2053740
1675315914889	2054013
1675315914929	2054081
1675315914969	2053743
1675315915009	2053157
1675315915050	2052703
1675315915089	2052297
1675315915129	2051907
1675315915170	2051694
1675315915210	2051513
1675315915251	2051333
1675315915290	2051173
1675315915330	2051094
1675315915370	2051095
1675315915410	2051086
1675315915451	2051086
1675315915490	2051183
1675315915530	2051255
1675315915570	2051444
1675315915611	2051657
1675315915652	2051835
1675315915691	2052117
1675315915731	2052360
1675315915771	2052029
1675315915811	2051567
1675315915852	2051160
1675315915891	2050690
1675315915931	2050222
1675315915971	2049845
1675315916012	2049572
1675315916052	2049288
1675315916092	2049101
1675315916132	2048975
1675315916172	2048883
1675315916212	2048801
1675315916253	2048787
1675315916292	2048811
1675315916332	2048894
1675315916372	2049012
1675315916412	2049136
1675315916453	2049222
1675315916493	2048934
1675315916533	2048265
1675315916573	2047945
1675315916613	2047584
1675315916654	2047184
1675315916693	2046868
1675315916733	2046588
1675315916773	2046303
1675315916813	2046072
1675315916854	2045938
1675315916893	2045964
1675315916933	2045985
1675315916974	2046155
1675315917014	2046309
1675315917055	2046508
1675315917094	2046751
1675315917134	2047101
1675315917174	2047495
1675315917214	2047910
1675315917255	2047950
1675315917294	2047719
1675315917334	2047429
1675315917374	2047199
1675315917415	2047027
1675315917456	2047066
1675315917495	2047300
1675315917535	2047570
1675315917575	2047803
1675315917615	2047965
